PCs per 1000 persons
.697 .652
Sec. educ. enrollment
.604 .776 .691
Pupil–teacher ratio
-.429 -.767 -.520 -.785
Fertility 
-.752 -.851 -.650 -.868 .737
Urbanization 
.519 .593 .643 .701 -.560 -.635
% Improved sanitation
.374 .717 .567 .829 -.818 -.768 .692
% Improved water
.352 .690 .524 .792 -.734 -.732 .682 .875
Child mortality rate
-.610 -.838 -.514 -.852 .788 .844 -.620 -.844 -.804
Neonatal mortality rate
-.574 -.792 -.589 -.857 .761 .853 -.628 -.825 -.732 .930
Maternal mortality rate
-.539 -.798 -.421 -.785 .726 .760 -.573 -.763 -.695 .926 .829
Calories/day per cap.
.442 .694 .534 .755 -.702 -.709 .654 .751 .779 -.716 -.700 -.695
Proteins g/day per cap.
.544 .753 .623 .805 -.744 -.771 .682 .770 .777 -.760 -.753 -.710 .937
Fat g/day per cap.
.549 .683 .680 .810 -.707 -.757 .695 .800 .760 -.703 -.726 -.629 .874 .878
Mean ann. temperature
-.541 -.617 -.639 -.726 .566 .696 -.481 -.499 -.500 .531 .541 .460 -.504 -.623 -.567
Longitude 
.017 .217 .041 .110 -.062 .082 -.138 .161 .117 -.184 -.187 -.191 .043 .017 .066 .202
Latitude 
.495 .599 .554 .764 -.573 -.695 .510 .616 .553 -.609 -.610 -.531 .566 .660 .650 -.869 -.074
Geographic distance
.084 .345 .154 .218 -.160 -.238 -.043 .275 .185 -.304 -.305 -.308 .109 .081 .139 .064 .945 .075
